x
0.111111 0.222222 0.333333 0.444444 0.555556 0.666667 0.777778 0.888889 1 ;
u Tridiagonal 
0.258582 0.815223 -0.248068 0.0719177 0.248775 -0.00345585 -0.248902 0.00456781 0.248968 ;
u real
0.559701 0.66942 0.631008 0.543832 0.440604 0.332091 0.221839 0.111014 5.88857e-18 ;
LU v
1.30366 1.27021 1.14719 0.994697 0.832495 0.667098 0.50065 0.333855 0.166946 ;
epsu error Tri
-0.269218 -0.661933 0.143992 -0.0616016 -0.361136 0.00449606 0.326745 -0.0182477 16.6261 ;
epsu error LU
0.123593 -0.046978 -0.087229 -0.0814185 -0.0508825 0.0037973 0.0992731 0.30262 16.4526 ;
