x
0.010101 0.020202 0.030303 0.040404 0.0505051 0.0606061 0.0707071 0.0808081 0.0909091 0.10101 0.111111 0.121212 0.131313 0.141414 0.151515 0.161616 0.171717 0.181818 0.191919 0.20202 0.212121 0.222222 0.232323 0.242424 0.252525 0.262626 0.272727 0.282828 0.292929 0.30303 0.313131 0.323232 0.333333 0.343434 0.353535 0.363636 0.373737 0.383838 0.393939 0.40404 0.414141 0.424242 0.434343 0.444444 0.454545 0.464646 0.474747 0.484848 0.494949 0.505051 0.515152 0.525253 0.535354 0.545455 0.555556 0.565657 0.575758 0.585859 0.59596 0.606061 0.616162 0.626263 0.636364 0.646465 0.656566 0.666667 0.676768 0.686869 0.69697 0.707071 0.717172 0.727273 0.737374 0.747475 0.757576 0.767677 0.777778 0.787879 0.79798 0.808081 0.818182 0.828283 0.838384 0.848485 0.858586 0.868687 0.878788 0.888889 0.89899 0.909091 0.919192 0.929293 0.939394 0.949495 0.959596 0.969697 0.979798 0.989899 1 ;
u Tridiagonal 
0.0064769 12.1608 -0.00409581 6.30366 0.00532786 3.75426 -0.00459599 2.40932 0.00506408 1.61958 -0.00475074 1.12369 0.00496705 0.797571 -0.00481442 0.57602 0.00492391 0.42161 -0.00484437 0.312016 0.00490274 0.232922 -0.00485958 0.175228 0.00489172 0.132611 -0.00486767 0.10095 0.00488575 0.0771665 -0.00487211 0.0592709 0.00488244 0.0456531 -0.00487461 0.0353135 0.00488057 0.0273624 -0.00487603 0.0212864 0.00487949 0.0165723 -0.00487685 0.0129535 0.00487887 0.0101242 -0.00487733 0.00794466 0.00487851 0.00623015 -0.00487761 0.00490461 0.0048783 0.0038581 -0.00487777 0.0030443 0.00487818 0.00240273 -0.00487787 0.00189785 0.0048781 0.00150442 -0.00487792 0.00118691 0.00487806 0.000947195 -0.00487796 0.000743534 0.00487803 0.000600168 -0.00487797 0.000465527 0.00487801 0.000383412 -0.00487798 0.000290266 0.004878 0.000247785 -0.00487798 0.000179136 0.00487799 0.000162902 -0.00487798 0.000108196 0.00487799 0.00010988 -0.00487798 6.25351e-05 0.00487798 7.69316e-05 -0.00487798 3.28254e-05 0.00487797 5.66677e-05 -0.00487797 1.32102e-05 0.00487797 4.44421e-05 -0.00487796 ;
u real
0.0859755 0.16272 0.231122 0.291981 0.346022 0.393901 0.43621 0.473483 0.506205 0.534812 0.559701 0.581228 0.599716 0.615458 0.628717 0.639731 0.648717 0.655869 0.661364 0.66536 0.668002 0.66942 0.669731 0.669042 0.667448 0.665037 0.661888 0.65807 0.653649 0.648682 0.643222 0.637317 0.631008 0.624335 0.617332 0.610032 0.602463 0.594651 0.586618 0.578388 0.569977 0.561404 0.552684 0.543832 0.53486 0.525779 0.516601 0.507333 0.497986 0.488566 0.479081 0.469537 0.459939 0.450293 0.440604 0.430875 0.42111 0.411313 0.401487 0.391634 0.381758 0.37186 0.361942 0.352007 0.342056 0.332091 0.322113 0.312123 0.302122 0.292112 0.282093 0.272066 0.262032 0.251992 0.241946 0.231895 0.221839 0.211778 0.201714 0.191646 0.181576 0.171502 0.161426 0.151347 0.141266 0.131184 0.121099 0.111014 0.100926 0.0908377 0.080748 0.0706572 0.0605655 0.0504729 0.0403796 0.0302856 0.0201909 0.0100957 5.88857e-18 ;
LU v
0.173235 0.246089 0.310934 0.368539 0.419599 0.464743 0.50454 0.539503 0.570097 0.596741 0.619815 0.639662 0.656592 0.670885 0.682795 0.692551 0.700358 0.706406 0.710862 0.71388 0.715598 0.716141 0.715621 0.714141 0.711793 0.708661 0.704819 0.700336 0.695274 0.689688 0.683628 0.67714 0.670266 0.663041 0.655501 0.647675 0.63959 0.631272 0.622743 0.614024 0.605132 0.596084 0.586895 0.577578 0.568147 0.558612 0.548982 0.539268 0.529476 0.519615 0.509692 0.499711 0.489679 0.479601 0.469481 0.459323 0.449131 0.438908 0.428657 0.41838 0.408081 0.397761 0.387422 0.377067 0.366696 0.356311 0.345914 0.335506 0.325087 0.314659 0.304223 0.293779 0.283329 0.272872 0.26241 0.251943 0.241471 0.230995 0.220516 0.210033 0.199547 0.189058 0.178567 0.168073 0.157578 0.147081 0.136582 0.126081 0.115579 0.105076 0.0945722 0.0840671 0.0735611 0.0630542 0.0525467 0.0420384 0.0315296 0.0210202 0.0105103 ;
epsu error Tri
-0.0340152 1.86767 0.00762894 1.31364 -0.00673904 0.930998 0.00455188 0.611564 -0.00436657 0.307137 0.00367074 -0.0299779 -0.00361195 -0.528857 0.00331295 -1.00178 -0.00330897 -0.44712 0.00316954 -0.274858 -0.00319922 -0.185716 0.00313987 -0.13189 -0.00319466 -0.0965862 0.00318221 -0.0723233 -0.00325836 -0.0550038 0.00327718 -0.0423931 -0.00337343 -0.0329778 0.00341583 -0.0258974 -0.00353256 -0.0204581 0.00359498 -0.0162849 -0.00373394 -0.0130131 0.00381538 -0.0104696 -0.00397972 -0.00844415 0.00408103 -0.00685471 -0.00427554 -0.00557369 0.00439927 -0.00456034 -0.0046309 -0.00373706 0.00478151 -0.00307935 -0.00506027 -0.00254442 0.00524467 -0.0021097 -0.00558518 -0.00176058 0.00581393 -0.00146684 -0.00623805 -0.00124047 0.00652749 -0.0010358 -0.0070693 -0.000893213 0.00744567 -0.00074375 -0.00816107 -0.000661292 0.00866891 -0.000543954 -0.00965625 -0.00050843 0.0103774 -0.000406133 -0.0118268 -0.000412713 0.0129292 -0.000310582 -0.0152614 -0.000363921 0.0171506 -0.000244712 -0.0215146 -0.000367966 0.0254738 -0.000201808 -0.0364674 -0.000487871 0.0495292 -0.000189475 -0.120097 -0.00191601 14.9182 ;
epsu error LU
0.00643556 -0.290439 -0.461769 -0.581362 -0.672363 -0.745097 -0.805083 -0.855629 -0.898881 -0.936311 -0.968981 -0.997681 -1.02302 -1.04547 -1.06543 -1.08321 -1.09906 -1.11321 -1.12585 -1.13713 -1.14721 -1.15619 -1.16418 -1.17128 -1.17757 -1.18313 -1.18801 -1.19228 -1.196 -1.19919 -1.20192 -1.20422 -1.20611 -1.20763 -1.20881 -1.20967 -1.21024 -1.21052 -1.21055 -1.21033 -1.20988 -1.2092 -1.20832 -1.20724 -1.20596 -1.2045 -1.20286 -1.20104 -1.19904 -1.19688 -1.19454 -1.19204 -1.18936 -1.18651 -1.18349 -1.18029 -1.17691 -1.17334 -1.16958 -1.16562 -1.16145 -1.15706 -1.15244 -1.14758 -1.14247 -1.13708 -1.13141 -1.12543 -1.11912 -1.11245 -1.10541 -1.09795 -1.09005 -1.08165 -1.07273 -1.06322 -1.05306 -1.0422 -1.03055 -1.01801 -1.00449 -0.989845 -0.973937 -0.956578 -0.937547 -0.916572 -0.893312 -0.867333 -0.838075 -0.804797 -0.76649 -0.721731 -0.668429 -0.603333 -0.520976 -0.411093 -0.250595 0.034263 15.2516 ;
